<?xml version="1.0"?>
<opencv_storage>
<matM type_id="opencv-matrix">
  <rows>3</rows>
  <cols>4</cols>
  <dt>d</dt>
  <data>
    4.2725847432531108e+00 0. -2.8074547451750878e+00
    2.8939069455732755e+02 5.6979984236007752e-01 0.
    -3.3905682989902473e+01 3.9144074777479642e+02
    -3.3718300896245293e-02 0. -7.0055424145241893e-03 1.</data></matM>
<vecN type_id="opencv-matrix">
  <rows>4</rows>
  <cols>1</cols>
  <dt>d</dt>
  <data>
    0. -1. 0. 0.</data></vecN>
</opencv_storage>
