<?xml version="1.0"?>
<opencv_storage>
<matM type_id="opencv-matrix">
  <rows>3</rows>
  <cols>4</cols>
  <dt>d</dt>
  <data>
    -2.9356006400214580e+00 0. -7.2251282578345191e-02
    4.5739218201505275e+02 -2.8314579696759967e+00 0.
    -2.6046683690015797e+01 3.7643011024585525e+02
    -3.0877577813577188e-02 0. 5.6557484693241971e-06 1.</data></matM>
<normal type_id="opencv-matrix">
  <rows>4</rows>
  <cols>1</cols>
  <dt>d</dt>
  <data>
    0. -1. 0. 0.</data></normal>
</opencv_storage> 
