<?xml version="1.0"?>
<opencv_storage>
<intrinsic type_id="opencv-matrix">
  <rows>3</rows>
  <cols>3</cols>
  <dt>d</dt>
  <data>
    7.3912639365468124e+02 0. 3.1937009343112908e+02 0.
    7.7434202361713858e+02 2.3529747900831518e+02 0. 0. 1.</data></intrinsic>
<distorsion type_id="opencv-matrix">
  <rows>1</rows>
  <cols>5</cols>
  <dt>d</dt>
  <data>
    -1.9587812768805868e-03 1.9289101314181187e-01
    9.9011495996939695e-03 -1.2806069188350141e-02
    -3.4190367900704366e-01</data></distorsion>
<rotation type_id="opencv-matrix">
  <rows>3</rows>
  <cols>3</cols>
  <dt>d</dt>
  <data>
    8.1051112071868658e-01 3.7725124843896981e-03
    -5.8571109887118744e-01 1.3369278963637252e-01
    -9.7477332931841565e-01 1.7872659133082652e-01
    -5.7026130956832710e-01 -2.2316524057085313e-01
    -7.9056898131053044e-01</data></rotation>
<translation type_id="opencv-matrix">
  <rows>3</rows>
  <cols>1</cols>
  <dt>d</dt>
  <data>
    1.9512590210465479e+00 -1.1759071458205017e+00
    2.9449634614759731e+01</data></translation>
<V_cut>200</V_cut>
<H_cut>90</H_cut>
<normal type_id="opencv-matrix">
  <rows>3</rows>
  <cols>1</cols>
  <dt>d</dt>
  <data>
    -9.0275404343092766e-02 4.4828328049860131e-02
    1.8431413637450561e+01</data></normal>
</opencv_storage>
